0.5051604693906404 0.509543333804609 0.9819030114520005 0.5652481266789199 0.5051604693906404 0.5051604693906404 0.5062915311748905
0.5058673830057967 0.5101088646967341 0.5051604693906404 0.8236957443800368 0.9260568358546586 0.5236816061077336 0.5108157783118903
0.5053018521136717 0.5147744945567652 0.5051604693906404 0.8014986568641312 0.9253499222395023 0.5237125689240775 0.5105330128658278
0.6478156369291672 0.5771242754135445 0.5051604693906404 0.9167255761345964 0.5051604693906404 0.5147744945567652 0.5067156793439842
0.5119468400961402 0.8473066591262548 0.9283189594231585 0.9163014279655026 0.8842075498374099 0.6448465997455111 0.8184645836278807
0.6700127244450728 0.8470238936801923 0.9283189594231585 0.9171497243036901 0.929167255761346 0.6452325745793864 0.8016400395871625
0.5922522267778877 0.5053018521136717 0.9290258730383147 0.9293086384843772 0.5051604693906404 0.5205711862010463 0.5058673830057967
0.5219850134313587 0.5057260002827655 0.9281775767001272 0.928601724869221 0.49483953060935953 0.7066308497101654 0.655733069418917
0.6995617135586032 0.5057260002827655 0.9287431075922522 0.9288844903152834 0.7204863565672275 0.7070549978792592 0.6106319807719497

