0.0 0.9612702181332542 0.0017123287671232876 0.923076923076923 0.8278633623576691 0.9446705864616313 0.9128746699798105
0.06308799114554511 0.9841822667247134 0.9991421218187019 0.9603798783202255 0.9448296653602654 0.9720998531571219 0.9843296575739988
0.0022831050228310505 0.9830015981403457 0.9979959919839679 0.9442267108833282 0.967551622418879 0.9710421872703219 0.9779529858373485
0.007401081696555649 0.9912091079406253 0.001142204454597373 0.923076923076923 0.0 0.9400363416111447 0.9244007375537799
0.9716468341413251 0.9893156222928097 0.9969909729187563 0.9540023894862605 0.9929506545820745 0.9773557341124909 0.998998998998999
0.9405176328136824 0.9890236857307915 0.9968472341645169 0.9316239316239316 0.9846243109950682 0.976608187134503 0.9977090492554409

0.0 0.917246713070379 0.004561003420752567 0.923076923076923 0.3265598852498207 0.8906497622820918 0.8562091503267973
0.02427321478972622 0.9225796521471449 0.9969909729187563 0.9551081282624906 0.9234081820978162 0.9393939393939393 0.9306446684998473
0.10040705563093623 0.917246713070379 0.9969909729187563 0.9402510966570867 0.9234081820978162 0.9364934670312974 0.9224137931034483
