0.368 0.38542857142857145 0.2914285714285714 0.21685714285714286 0.14285714285714285 0.26971428571428574 0.4288571428571429
0.6942857142857143 0.7825714285714286 0.6791428571428572 0.3668571428571429 0.506 0.5211428571428571 0.836
0.6857142857142857 0.7714285714285715 0.6714285714285714 0.37142857142857144 0.15714285714285714 0.4857142857142857 0.8857142857142857
0.3945714285714286 0.49228571428571427 0.20857142857142857 0.3142857142857143 0.1417142857142857 0.2985714285714286 0.438
0.7071428571428572 0.7691428571428571 0.7311428571428571 0.414 0.1437142857142857 0.5494285714285714 0.8145714285714286
0.7285714285714285 0.8142857142857143 0.7714285714285715 0.42857142857142855 0.14285714285714285 0.5571428571428572 0.8142857142857143
0.6411428571428571 0.5791428571428572 0.5925714285714285 0.3605714285714286 0.2845714285714286 0.33314285714285713 0.5037142857142857
0.6905714285714286 0.7354285714285714 0.7157142857142857 0.2937142857142857 0.34 0.3945714285714286 0.7528571428571429
0.8 0.8 0.7285714285714285 0.4142857142857143 0.8142857142857143 0.42857142857142855 0.8428571428571429
0.6971428571428572 0.7022857142857143 0.7237142857142858 0.31857142857142856 0.604 0.416 0.7888571428571428
