0.8872300574032075 0.9137145516916154 0.5122863677068374 0.5406292470560666 0.4939596194765216 0.5669886759587326 0.7180419610978038
0.9842795949516975 0.9835011374430351 0.9311408617009914 0.5473864770510936 0.6064139594532759 0.8881947933572689 0.9772394623748962
0.9964280133056505 0.9964280133056505 0.942570776583332 0.5300112955118405 0.6913440806297949 0.8999366526480923 0.9928096594763262
0.9158077675228059 0.9353696365435524 0.5126608976472221 0.6208115287204315 0.34491859123462854 0.5416662467959469 0.704718664989956
0.9594892343651321 0.9647717465053034 0.9165133562404612 0.646211952675899 0.6070474147606344 0.8273143510322789 0.9666091641438488
0.9598639491484635 0.9132553636682585 0.894206547849549 0.5013913200701453 0.28501691331196505 0.5662511970501924 0.715732575414786
0.9686647811437624 0.9700103919168053 0.9331476193598239 0.5056995473947802 0.03634828712543196 0.886023706282592 0.9751138009328398
0.9821350821659559 0.9822681187545709 0.9203418099862979 0.5273842850999796 0.035826242722794444 0.9039155093946112 0.9785407324409141
0.9032997070051316 0.8908740548378675 0.8593087078677716 0.5285632524042619 0.1572166230261942 0.5649136912270862 0.7280912639346886
0.9794071530941001 0.9815537115660559 0.931721743558118 0.5570999739499325 0.9219988591700579 0.8419225705285652 0.9854323656257674
0.9677704940406213 0.9716231828042543 0.9291907556967799 0.5919857785993996 0.9070823314555039 0.8809337602853388 0.9820868247484339
