0.7811428571428571 0.6165714285714285 0.7017142857142857 0.4917142857142857 0.35 0.4605714285714286 0.6514285714285715
0.81 0.8871428571428571 0.7845714285714286 0.42028571428571426 0.17742857142857144 0.6814285714285714 0.8762857142857143
0.85 0.8928571428571429 0.8285714285714286 0.4714285714285714 0.8857142857142857 0.7 0.8785714285714286
0.78 0.482 0.5691428571428572 0.4585714285714286 0.2985714285714286 0.418 0.6788571428571428
0.8237142857142857 0.9 0.8274285714285714 0.4057142857142857 0.8897142857142857 0.602 0.9045714285714286
0.8571428571428571 0.9 0.8714285714285714 0.4357142857142857 0.9214285714285714 0.6642857142857143 0.9071428571428571

0.7137142857142857 0.5011428571428571 0.24114285714285713 0.25457142857142856 0.14285714285714285 0.3525714285714286 0.47514285714285714
0.872 0.9397142857142857 0.8654285714285714 0.43542857142857144 0.8291428571428572 0.6494285714285715 0.9165714285714286
0.9142857142857143 0.9571428571428572 0.8785714285714286 0.4642857142857143 0.8714285714285714 0.6357142857142857 0.9071428571428571
