0.35762431095808805 0.3448878572839593 0.20929969156595124 0.21506508833493804 0.04071163945772096 0.27877687874283313 0.3905197542988629
0.704461699262359 0.7896564782796978 0.6914882257098934 0.3701857740605013 0.44226433943370286 0.5380299784439181 0.8387269324890606
0.6944066515495086 0.7857479720807394 0.6760704281712685 0.37020166918442016 0.05800214822771214 0.5107435254803675 0.8897052154195012
0.308533951376973 0.454087766181637 0.16266397214486034 0.30823102650000056 0.036742793300348034 0.3009323467978336 0.3723935652275324
0.7127926015567543 0.7697648941875894 0.7303565757799895 0.43732915154774654 0.037459664716950614 0.5654899366277849 0.8158722160119899
0.7313996689446184 0.8031922311098513 0.7626277231540389 0.4305118970665189 0.03571428571428571 0.5690802636844211 0.8055424274973148
0.6536173907668702 0.5615556447048665 0.5516795915710556 0.3553593208760794 0.18508337086355145 0.3216925602138544 0.44808632397622894
0.6971942668856729 0.7409720309427407 0.7204441182331836 0.3112019675774701 0.2627811421925326 0.4136647912334346 0.7552064118227075
0.7986102422384944 0.8029573934837094 0.7317726133515606 0.40999630621479355 0.8172562358276644 0.4400753835536445 0.8450508624502433
0.6955160882519235 0.7096753577502015 0.7231336154248126 0.3487148046689765 0.5990739063916504 0.435663060298408 0.7903399427561488
