0.8328571428571429 0.7751428571428571 0.6277142857142857 0.536 0.6688571428571428 0.5042857142857143 0.7951428571428572
0.9191428571428572 0.9682857142857143 0.8888571428571429 0.5471428571428572 0.6108571428571429 0.8657142857142858 0.9454285714285714
0.92 0.9714285714285714 0.8857142857142857 0.5828571428571429 0.6828571428571428 0.8514285714285714 0.9514285714285714
0.8394285714285714 0.6474285714285715 0.7294285714285714 0.5534285714285714 0.6417142857142857 0.5017142857142857 0.6885714285714286
0.9237142857142857 0.9482857142857143 0.8674285714285714 0.5931428571428572 0.6465714285714286 0.8397142857142857 0.9331428571428572
0.94 0.9628571428571429 0.8828571428571429 0.62 0.5885714285714285 0.8371428571428572 0.9457142857142857

0.7985714285714286 0.7111428571428572 0.34085714285714286 0.37857142857142856 0.14285714285714285 0.45771428571428574 0.666
0.9185714285714286 0.964 0.8665714285714285 0.5874285714285714 0.1437142857142857 0.8394285714285714 0.9451428571428572
0.9428571428571428 0.96 0.88 0.5314285714285715 0.8971428571428571 0.8428571428571429 0.9485714285714286
