0.7894557783931792 0.5874754795912296 0.6874179819748326 0.5106681079647243 0.3035411439987487 0.44642523541750917 0.6208467734216333
0.8060690008922311 0.8862446310014079 0.783974095443093 0.45121582879380256 0.09894800263552891 0.6821666440302067 0.8733550256560176
0.8478917065717638 0.890945057993113 0.8244570570891812 0.49627965877965874 0.8848435190540452 0.6926160593847251 0.8756852043280678
0.7800481065922183 0.427918247107748 0.5092247901595727 0.48029329847396335 0.21194017815273902 0.40346190452875563 0.6382777415522166
0.8269907971518503 0.9030876639001205 0.8276294345486538 0.43871738185249454 0.888265033072753 0.6170625408322117 0.9036016871214978
0.8553843746868325 0.9041634975469562 0.8721773721773722 0.46726145003455927 0.9184541358757387 0.6699934957999475 0.9062469062469063

0.7254150014447898 0.46352905335149774 0.18913909420157352 0.2237991101695356 0.03571428571428571 0.3818488186296974 0.44779233239046956
0.8717711162803808 0.9398948874793119 0.8651415803065392 0.45712693537109406 0.8300024613843701 0.6542938518723014 0.916193643520548
0.9139419037320342 0.9572736787022501 0.878676085818943 0.4698304049324457 0.8748688425701079 0.639241538680384 0.9066568861177332
