0.8354416027520603 0.7470222004715109 0.5923787962431851 0.5087092843433182 0.6605378579981265 0.49474372630298735 0.7591260581143946
0.9193175530442437 0.9681962813304797 0.8889697190462983 0.5532715255526834 0.5501670441442632 0.8663585740936982 0.9454113114789797
0.9209756901762243 0.9714855902499872 0.8865366777437643 0.5839584316518341 0.6798989626561467 0.8542609427840967 0.9509350624627608
0.840613971666234 0.6012526427275952 0.7179913715274345 0.5247829535859522 0.5840620756451215 0.4842857707383635 0.6310144973945208
0.9237742791755194 0.9490290900725463 0.8663540263634728 0.6016054127563303 0.6394396016210868 0.8402620228170007 0.9330327041088683
0.9405051853649983 0.9635872834678901 0.8810922846121484 0.6171824913716204 0.5260709754366835 0.838955019596759 0.9462043291707811

0.8069523839050017 0.6686239840542753 0.2761706947535533 0.3757541700817466 0.0357321517901808 0.46750523688255413 0.6205989108358594
0.9198994803524931 0.9641746906006388 0.8657716197761053 0.5890621076922952 0.03911070810682077 0.8420563950350121 0.945573485657453
0.9440559124082533 0.9601700105390659 0.8804085958032072 0.5420842702111398 0.8983701559447856 0.8472230669413222 0.9492538554896333
