0.8882857142857142 0.9148571428571428 0.572 0.5517142857142857 0.5474285714285714 0.5722857142857143 0.7762857142857142
0.9842857142857143 0.9834285714285714 0.9308571428571428 0.5385714285714286 0.6505714285714286 0.8882857142857142 0.9771428571428571
0.9964285714285714 0.9964285714285714 0.9428571428571428 0.5357142857142857 0.6928571428571428 0.9 0.9928571428571429
0.9165714285714286 0.9357142857142857 0.5708571428571428 0.6391428571428571 0.4005714285714286 0.552 0.7457142857142857
0.9594285714285714 0.9645714285714285 0.9162857142857143 0.6497142857142857 0.6525714285714286 0.8257142857142857 0.9665714285714285
0.9597142857142857 0.9197142857142857 0.894 0.5145714285714286 0.3374285714285714 0.5628571428571428 0.7722857142857142
0.9688571428571429 0.9697142857142858 0.9328571428571428 0.4982857142857143 0.14314285714285716 0.8862857142857142 0.9751428571428571
0.9821428571428571 0.9821428571428571 0.9214285714285714 0.5178571428571429 0.14285714285714285 0.9035714285714286 0.9785714285714285
0.9088571428571428 0.902 0.8634285714285714 0.5414285714285715 0.23485714285714285 0.5648571428571428 0.7817142857142857
0.9794285714285714 0.9814285714285714 0.932 0.5445714285714286 0.9225714285714286 0.842 0.9854285714285714
0.9678571428571429 0.9714285714285714 0.9285714285714286 0.575 0.9071428571428571 0.8821428571428571 0.9821428571428571
