0.732966641966649 0.6630502307701479 0.4908472622026102 0.48473244539201826 0.06301652521785153 0.4578194806194847 0.6084265381212136
0.8797595397614778 0.9479737294272174 0.8410575088621695 0.5297788735775595 0.8468844391822008 0.7638225406412643 0.9219178831037427
0.8907827655418832 0.9571345640228862 0.8440889780056641 0.5204464595357117 0.8628954877676386 0.76522859274147 0.9154037558161592

0.7840700055116786 0.6079880775280964 0.7308494627076356 0.48930338734795675 0.34990351946098613 0.4776152912816255 0.5475775034690293
0.8789751834314204 0.9533634328542586 0.8526986931351888 0.5399871609365128 0.5410544365747418 0.7735754570116156 0.9333442589873905
0.8767166911454304 0.9429503450481832 0.8584999003375452 0.5539576711521293 0.48120545515503504 0.7620607369851086 0.9236294593616071
0.8413889161964906 0.47494911950641533 0.5966667939869819 0.5093417016926263 0.11510168411541591 0.4814683073250352 0.5693742913674156
0.8779068274943336 0.9414533240006782 0.8361048322137644 0.5646537755665293 0.5746430388320108 0.7550926585491746 0.9181174653044332
0.8878541580566653 0.9220316221705496 0.8751577195555995 0.5546578409280473 0.6246616238976471 0.7521140160033506 0.9149089032667804
